Version 0.9.7
5
 4 10 175 77 128 0 1
 5 80 400 206 81 2 2
 0 110 110 877 276 8 3
 1 431 15 206 81 140 4
 3 163 28 203 58 150 5
 0
6
 16711680 5 71 189 71 189 71 189 71 26 446 26 446 26 0 1 0 4
 16711680 5 71 202 98 202 98 123 163 123 163 124 163 124 0 1 0 3
 16711680 5 71 249 71 249 106 249 106 137 163 137 163 137 0 1 0 3
 16711680 5 449 137 449 137 449 84 449 84 446 84 446 84 0 3 0 4
 16711680 5 176 137 176 137 176 65 176 65 174 65 174 65 0 3 0 5
 16711680 5 487 52 487 52 487 67 349 67 349 72 349 72 0 4 0 5
0
